0 0.122472 0.232584 0.212360 0.078652
0 0.126685 0.171910 0.190449 0.092135
0 0.451966 0.310112 0.207303 0.062921
0 0.253933 0.384270 0.195506 0.125843
4 0.539607 0.458427 0.288202 0.148315
0 0.775562 0.273034 0.183708 0.083146
0 0.715730 0.685393 0.175281 0.053933
0 0.810955 0.544944 0.106180 0.087640
0 0.480618 0.686517 0.146629 0.164045
0 0.691292 0.835955 0.214045 0.076404
0 0.727528 0.962921 0.239326 0.074157
0 0.544663 0.834831 0.150000 0.141573
0 0.272472 0.535955 0.168539 0.083146
0 0.087921 0.601124 0.150000 0.137079
0 0.165449 0.803371 0.119663 0.065169
0 0.260674 0.865169 0.225843 0.094382