0 0.335546 0.167249 0.243363 0.175450
0 0.584808 0.156662 0.225664 0.166375
0 0.842920 0.161199 0.261062 0.175450
0 0.133481 0.413787 0.222714 0.130075
0 0.364307 0.418325 0.188791 0.133100
0 0.363569 0.617975 0.210914 0.145200
0 0.130531 0.636125 0.249263 0.193601
0 0.124631 0.804013 0.202065 0.178475
0 0.364307 0.804013 0.241888 0.166375
0 0.593658 0.621000 0.210914 0.163350
0 0.605457 0.796451 0.219764 0.151250
0 0.840708 0.793426 0.235988 0.151250
0 0.836283 0.604363 0.235988 0.166375
0 0.842183 0.407737 0.238938 0.148225
0 0.589971 0.406225 0.233038 0.175450
0 0.594395 0.274637 0.000000 0.027225