2 0.255162 0.511024 0.153392 0.247423
2 0.141593 0.714352 0.115044 0.188630
2 0.247050 0.865010 0.169617 0.254772
2 0.340708 0.709452 0.162242 0.222926
2 0.373156 0.470603 0.159292 0.244973
2 0.493363 0.272175 0.131268 0.195979
2 0.524336 0.443656 0.095870 0.210677
2 0.605457 0.517148 0.134218 0.186180
2 0.559735 0.666582 0.116519 0.137185
2 0.651180 0.747423 0.119469 0.156783
2 0.735251 0.825815 0.098820 0.142085
2 0.828909 0.893182 0.141593 0.188630
2 0.763274 0.547770 0.107670 0.149434
2 0.605457 0.393437 0.125369 0.154333
2 0.615782 0.225630 0.134218 0.254772
2 0.698378 0.317495 0.089971 0.134735
2 0.782448 0.398336 0.119469 0.154333
2 0.857670 0.626161 0.131268 0.164132
2 0.132743 0.334643 0.132743 0.213127
2 0.083333 0.496325 0.157817 0.247423