0 0.171829 0.786504 0.110619 0.254425
0 0.346608 0.612832 0.091445 0.181416
0 0.337758 0.404867 0.117994 0.181416
0 0.311947 0.231195 0.113569 0.112832
0 0.418142 0.234513 0.125369 0.123894
0 0.593658 0.269912 0.169617 0.154867
0 0.106932 0.112832 0.213864 0.163717
0 0.067847 0.582965 0.129794 0.214602
0 0.408555 0.785398 0.106195 0.168142
0 0.549410 0.912611 0.163717 0.148230
0 0.749263 0.879425 0.230088 0.241150
0 0.758850 0.714602 0.095870 0.185841
0 0.963127 0.806416 0.073746 0.232301
0 0.854720 0.606195 0.128319 0.168142
0 0.946165 0.496681 0.107670 0.245575
0 0.563422 0.132743 0.280236 0.265486
0 0.808260 0.162611 0.150442 0.201327
0 0.932153 0.067478 0.135693 0.134956