0 0.372419 0.507782 0.264012 0.220127
0 0.445428 0.439965 0.171091 0.164540
0 0.486726 0.240961 0.067847 0.117846
0 0.650442 0.786832 0.085546 0.080046
0 0.925516 0.656757 0.072271 0.060035
0 0.926254 0.794615 0.058997 0.046694
0 0.843658 0.918019 0.088496 0.093387
0 0.578909 0.950260 0.069322 0.051141
0 0.738201 0.879108 0.057522 0.077823
0 0.847345 0.803509 0.072271 0.042247
0 0.724189 0.700116 0.058997 0.035576
0 0.397493 0.771268 0.057522 0.062258
0 0.440265 0.681216 0.039823 0.082270
0 0.391593 0.972495 0.057522 0.028906