2 0.526858 0.801793 0.128321 0.129482
2 0.570129 0.639442 0.116384 0.111554
2 0.864073 0.919323 0.253657 0.161354
2 0.861088 0.842629 0.000000 0.027888
2 0.246343 0.456175 0.116384 0.107570
2 0.363473 0.741036 0.144734 0.147410
2 0.136673 0.923307 0.192481 0.153386
2 0.074005 0.459163 0.108923 0.165339
2 0.587288 0.481076 0.126829 0.117530
2 0.782007 0.599602 0.161147 0.115538
2 0.803643 0.248008 0.102955 0.141434
2 0.584304 0.341633 0.040287 0.021912
2 0.353028 0.283865 0.055208 0.105578
2 0.450761 0.367530 0.032826 0.069721
2 0.954418 0.667331 0.091164 0.227092