2 0.431155 0.521348 0.116737 0.130337
2 0.542654 0.250562 0.124220 0.128090
2 0.224620 0.432584 0.110751 0.101124
2 0.122101 0.517978 0.100274 0.096629
2 0.305438 0.641573 0.077825 0.092135
2 0.516463 0.761798 0.113744 0.116854
2 0.597281 0.631461 0.104764 0.125843
2 0.643676 0.502247 0.113744 0.146067
2 0.813544 0.308989 0.100274 0.137079
2 0.708780 0.292135 0.082315 0.148315
2 0.741706 0.102247 0.097281 0.105618
2 0.941506 0.219101 0.098778 0.132584
2 0.258294 0.312360 0.061362 0.098876
2 0.104142 0.643820 0.085308 0.110112
2 0.181218 0.938202 0.083811 0.105618
2 0.392991 0.743820 0.058369 0.116854
2 0.442380 0.886517 0.094288 0.123596
2 0.593539 0.914607 0.094288 0.116854
2 0.369045 0.337079 0.091294 0.112360
2 0.331629 0.450562 0.100274 0.101124