2 0.242337 0.571910 0.168000 0.155056
2 0.184764 0.443820 0.181213 0.168539
2 0.467910 0.611236 0.181213 0.166292
2 0.650067 0.728090 0.186876 0.166292
2 0.807685 0.865169 0.166112 0.206742
2 0.479236 0.306742 0.173663 0.191011
2 0.707640 0.440449 0.166112 0.184270
2 0.166831 0.164045 0.152899 0.152809
2 0.355596 0.139326 0.183101 0.175281
2 0.709528 0.210112 0.154787 0.195506
2 0.880360 0.169663 0.137798 0.177528
2 0.916225 0.403371 0.137798 0.141573
2 0.897348 0.577528 0.175551 0.161798
2 0.465079 0.808989 0.194427 0.220225
2 0.153618 0.740449 0.209528 0.231461