2 0.277751 0.424719 0.154153 0.193258
2 0.412447 0.392135 0.130207 0.186517
2 0.311425 0.219101 0.125717 0.164045
2 0.456598 0.197753 0.137690 0.184270
2 0.496258 0.541573 0.121227 0.184270
2 0.620479 0.688764 0.154153 0.213483
2 0.781366 0.708989 0.140683 0.186517
2 0.476054 0.733708 0.125717 0.186517
2 0.342106 0.677528 0.133200 0.195506
2 0.222375 0.646067 0.121227 0.186517
2 0.086182 0.622472 0.097281 0.107865
2 0.105638 0.444944 0.133200 0.166292
2 0.074209 0.274157 0.100274 0.134831
2 0.172987 0.133708 0.148166 0.168539
2 0.570342 0.239326 0.143676 0.146067
2 0.657146 0.093258 0.122724 0.159551
2 0.758917 0.092135 0.119730 0.143820
2 0.862184 0.200000 0.131703 0.193258
2 0.743951 0.239326 0.125717 0.155056
2 0.745447 0.407865 0.164629 0.173034
2 0.362310 0.893258 0.173609 0.213483
2 0.556124 0.897753 0.166126 0.200000
2 0.057683 0.779775 0.115366 0.157303
2 0.877899 0.882022 0.142180 0.235955