0 0.164893 0.093258 0.242178 0.177528
0 0.507040 0.110112 0.216834 0.170787
0 0.840739 0.094382 0.214018 0.161798
0 0.150812 0.300000 0.236546 0.182022
0 0.164893 0.498876 0.236546 0.161798
0 0.166301 0.700000 0.239362 0.186517
0 0.176157 0.905618 0.242178 0.166292
0 0.500000 0.302247 0.242178 0.173034
0 0.504224 0.495506 0.216834 0.164045
0 0.495776 0.697753 0.228098 0.168539
0 0.498592 0.901124 0.222466 0.175281
0 0.826659 0.298876 0.247811 0.184270
0 0.818211 0.495506 0.253443 0.168539
0 0.832291 0.700000 0.247811 0.159551
0 0.836515 0.897753 0.222466 0.168539