0 0.176295 0.059761 0.137450 0.047809
0 0.331673 0.058765 0.121514 0.061753
0 0.479084 0.058765 0.133466 0.049801
0 0.649402 0.060757 0.163347 0.061753
0 0.864542 0.058765 0.219124 0.073705
0 0.210159 0.138446 0.205179 0.065737
0 0.407371 0.141434 0.185259 0.067729
0 0.621514 0.141434 0.207171 0.091633
0 0.783865 0.139442 0.121514 0.047809
0 0.909363 0.145418 0.117530 0.043825
0 0.187251 0.219124 0.179283 0.051793
0 0.371514 0.221116 0.141434 0.079681
0 0.541833 0.227092 0.175299 0.055777
0 0.723108 0.221116 0.155378 0.067729
0 0.894422 0.216135 0.151394 0.073705
0 0.185259 0.303785 0.155378 0.073705
0 0.366534 0.307769 0.163347 0.045817
0 0.530876 0.306773 0.137450 0.035857
0 0.680279 0.305777 0.145418 0.061753
0 0.868526 0.306773 0.195219 0.059761
0 0.198207 0.395418 0.185259 0.073705
0 0.397410 0.392430 0.169323 0.055777
0 0.564741 0.392430 0.141434 0.055777
0 0.733068 0.399402 0.147410 0.041833
0 0.882470 0.402390 0.139442 0.059761
0 0.172311 0.534861 0.133466 0.073705
0 0.356574 0.527888 0.187251 0.075697
0 0.556773 0.531873 0.189243 0.063745
0 0.725100 0.531873 0.103586 0.043825
0 0.876494 0.526892 0.135458 0.057769
0 0.181275 0.610558 0.123506 0.049801
0 0.342629 0.614542 0.163347 0.057769
0 0.551793 0.596614 0.207171 0.069721
0 0.723108 0.587649 0.139442 0.039841
0 0.889442 0.600598 0.161355 0.029880
0 0.183267 0.670319 0.147410 0.041833
0 0.341633 0.675299 0.141434 0.043825
0 0.501992 0.669323 0.139442 0.047809
0 0.701195 0.663347 0.223108 0.083665
0 0.893426 0.675299 0.145418 0.055777
0 0.175299 0.743028 0.119522 0.047809
0 0.321713 0.747012 0.141434 0.035857
0 0.465139 0.741036 0.129482 0.047809
0 0.604582 0.741036 0.137450 0.039841
0 0.745020 0.743028 0.123506 0.055777
0 0.884462 0.777888 0.167331 0.057769
0 0.185259 0.797809 0.139442 0.049801
0 0.333665 0.802789 0.125498 0.035857
0 0.454183 0.800797 0.119522 0.035857
0 0.599602 0.807769 0.123506 0.025896
0 0.743028 0.839641 0.171315 0.089641
0 0.914343 0.856574 0.135458 0.039841
0 0.174303 0.866534 0.117530 0.035857
0 0.309761 0.877490 0.133466 0.045817
0 0.242032 0.947211 0.264940 0.069721
0 0.450199 0.858566 0.127490 0.043825
0 0.462151 0.924303 0.139442 0.059761
0 0.588645 0.869522 0.117530 0.037849
0 0.770916 0.938247 0.434263 0.071713