2 0.668078 0.065737 0.112052 0.095618
2 0.823456 0.196215 0.109064 0.121514
2 0.879482 0.450199 0.137450 0.123506
2 0.577689 0.687251 0.146414 0.135458
2 0.370020 0.634462 0.152390 0.141434
2 0.466384 0.673307 0.088147 0.139442
2 0.427540 0.476096 0.126992 0.111554
2 0.532122 0.516932 0.121016 0.097610
2 0.463396 0.831673 0.129980 0.105578
2 0.337898 0.871514 0.144920 0.133466
2 0.234064 0.793825 0.116534 0.105578
2 0.162351 0.663347 0.125498 0.123506
2 0.167580 0.538845 0.121016 0.129482
2 0.093625 0.486056 0.122510 0.095618
2 0.754731 0.716135 0.091135 0.097610
2 0.630727 0.890438 0.091135 0.095618
2 0.534363 0.436255 0.098606 0.083665
2 0.829432 0.560757 0.126992 0.093625