2 0.055777 0.206175 0.111554 0.245020
2 0.223606 0.166335 0.233068 0.284861
2 0.216882 0.452191 0.240538 0.310757
2 0.426793 0.555777 0.271912 0.362550
2 0.542580 0.800797 0.222610 0.270916
2 0.615040 0.534861 0.182271 0.241036
2 0.509711 0.244024 0.156873 0.213147
2 0.603088 0.048805 0.188247 0.097610
2 0.670319 0.148406 0.188247 0.165339
2 0.677042 0.294821 0.225598 0.223108
2 0.900149 0.472112 0.199701 0.266932
2 0.787600 0.764940 0.198705 0.258964
2 0.936753 0.912351 0.126494 0.175298
2 0.678536 0.898406 0.162849 0.203187