2 0.251475 0.501220 0.151917 0.236642
2 0.374631 0.457307 0.126844 0.251280
2 0.497050 0.265798 0.120944 0.165893
2 0.596608 0.513418 0.107670 0.212246
2 0.547935 0.662234 0.101770 0.173212
2 0.640855 0.723224 0.119469 0.158575
2 0.734513 0.807391 0.109145 0.185410
2 0.758850 0.531715 0.078171 0.131739
2 0.599558 0.395097 0.125369 0.156135
2 0.621681 0.204807 0.098820 0.190289
2 0.699115 0.313370 0.085546 0.129299
2 0.751475 0.406075 0.075221 0.114662
2 0.884218 0.628079 0.081121 0.158575
2 0.838496 0.891557 0.140118 0.212246
2 0.344395 0.703707 0.151917 0.222004
2 0.253687 0.852523 0.168142 0.246400
2 0.137168 0.703707 0.129794 0.182971
2 0.132743 0.512198 0.103245 0.180531
2 0.134218 0.334107 0.123894 0.170773
2 0.043510 0.474384 0.081121 0.236642
2 0.031711 0.678091 0.063422 0.180531
2 0.041298 0.262138 0.082596 0.187850
2 0.690265 0.177972 0.061947 0.151256
2 0.867994 0.157235 0.039823 0.095145