0 0.394543 0.709071 0.033923 0.037611
0 0.616519 0.494469 0.067847 0.055310
0 0.710177 0.515487 0.066372 0.044248
0 0.764749 0.875000 0.078171 0.081858
0 0.934366 0.492257 0.119469 0.055310
0 0.806047 0.448009 0.087021 0.037611
0 0.912979 0.257743 0.082596 0.046460
0 0.807522 0.396018 0.084071 0.044248
0 0.673304 0.286504 0.066372 0.068584
0 0.865044 0.362832 0.075221 0.044248
0 0.751475 0.310841 0.057522 0.037611
0 0.557522 0.342920 0.064897 0.035398
0 0.418142 0.417035 0.048673 0.042035
0 0.751475 0.176991 0.060472 0.035398