2 0.228614 0.891593 0.179941 0.216814
2 0.157817 0.769912 0.120944 0.137168
2 0.250000 0.620575 0.084071 0.126106
2 0.258112 0.485619 0.082596 0.152655
2 0.324484 0.559735 0.082596 0.119469
2 0.382006 0.626106 0.067847 0.106195
2 0.482301 0.759956 0.103245 0.126106
2 0.533923 0.617257 0.053097 0.132743
2 0.646755 0.840708 0.089971 0.128319
2 0.457965 0.571903 0.072271 0.126106
2 0.397493 0.432522 0.072271 0.103982
2 0.488938 0.500000 0.098820 0.110619
2 0.582596 0.705752 0.076696 0.106195
2 0.130531 0.592920 0.095870 0.084071
2 0.101032 0.719027 0.134218 0.159292
2 0.030973 0.670354 0.061946 0.150442
2 0.119469 0.453540 0.079646 0.110619