2 0.158555 0.633850 0.234513 0.316372
2 0.233776 0.884956 0.269912 0.230088
2 0.409292 0.713496 0.219764 0.289823
2 0.662242 0.723451 0.271386 0.292035
2 0.867994 0.830752 0.264012 0.338496
2 0.892330 0.534292 0.215339 0.258850
2 0.676991 0.517699 0.241888 0.243363
2 0.856932 0.245575 0.244838 0.296460
2 0.611357 0.257743 0.237463 0.267699
2 0.407080 0.465708 0.250737 0.254425
2 0.196165 0.398230 0.218289 0.225664
2 0.392330 0.246681 0.265487 0.272124
2 0.446903 0.105088 0.212389 0.201327
2 0.660029 0.091814 0.216814 0.183628
2 0.855457 0.082965 0.218289 0.165929
2 0.561209 0.907080 0.281711 0.185840