2 0.176991 0.644205 0.132743 0.231168
2 0.283186 0.711353 0.141593 0.228966
2 0.315634 0.573754 0.162242 0.191539
2 0.408555 0.665120 0.141593 0.242176
2 0.483776 0.555040 0.171091 0.237773
2 0.592920 0.545133 0.135693 0.173926
2 0.598820 0.661817 0.176991 0.187136
2 0.668879 0.585862 0.125369 0.193741
2 0.771386 0.634297 0.138643 0.211353
2 0.710914 0.491194 0.174041 0.167321
2 0.665192 0.386618 0.138643 0.200345
2 0.394543 0.324973 0.178466 0.235571
2 0.499263 0.335981 0.143068 0.191539
2 0.527286 0.210490 0.193215 0.191539
2 0.579646 0.262227 0.141593 0.233369