2 0.109145 0.224558 0.218289 0.360619
2 0.218289 0.045354 0.209440 0.090708
2 0.506637 0.051991 0.202065 0.103982
2 0.814159 0.059735 0.230088 0.119469
2 0.653392 0.267699 0.233038 0.327434
2 0.386431 0.233407 0.247788 0.342920
2 0.182891 0.595133 0.286136 0.398230
2 0.508850 0.627212 0.259587 0.356195
2 0.805310 0.598451 0.292035 0.391593
2 0.917404 0.254425 0.165192 0.389381
2 0.920354 0.868363 0.159292 0.263274
2 0.666667 0.868363 0.247788 0.263274
2 0.348820 0.871681 0.252212 0.256637
2 0.086283 0.847345 0.172566 0.305310