2 0.336283 0.246681 0.132743 0.179204
2 0.498525 0.262168 0.112094 0.170354
2 0.247050 0.375000 0.131268 0.161504
2 0.424041 0.547566 0.148968 0.174779
2 0.120944 0.476770 0.129794 0.099558
2 0.348083 0.600664 0.147493 0.126106
2 0.469027 0.693584 0.150442 0.183628
2 0.881268 0.498894 0.122419 0.161504
2 0.604720 0.116150 0.123894 0.165929
2 0.623156 0.248894 0.113569 0.196903
2 0.617257 0.498894 0.095870 0.161504
2 0.595870 0.752212 0.141593 0.185841
2 0.449115 0.846239 0.160767 0.179204
2 0.357670 0.715708 0.119469 0.148230
2 0.230826 0.621681 0.122419 0.128319
2 0.133481 0.551991 0.113569 0.130531
2 0.087021 0.632743 0.144543 0.119469
2 0.168879 0.786504 0.160767 0.121681
2 0.202802 0.819690 0.013274 0.002212
2 0.227876 0.886062 0.110619 0.134956
2 0.256637 0.921460 0.005900 0.002212
2 0.181416 0.242257 0.094395 0.117257
2 0.255162 0.056416 0.144543 0.112832
2 0.756637 0.445796 0.123894 0.134956
2 0.800885 0.650442 0.129794 0.159292