2 0.458702 0.561947 0.162242 0.207965
2 0.181416 0.587389 0.162242 0.223451
2 0.225664 0.826327 0.162242 0.196903
2 0.330383 0.896018 0.200590 0.194690
2 0.534661 0.721239 0.134218 0.150442
2 0.603245 0.862832 0.159292 0.230088
2 0.926254 0.756637 0.147492 0.252212
2 0.784661 0.891593 0.233038 0.216814
2 0.869469 0.324115 0.128319 0.170354
2 0.959440 0.231195 0.081120 0.219027
2 0.040560 0.480088 0.081120 0.243363
2 0.039823 0.274336 0.079646 0.172566
2 0.365044 0.706858 0.196165 0.223451
2 0.322271 0.539823 0.137168 0.194690