2 0.328171 0.436947 0.178466 0.219027
2 0.452065 0.405973 0.107670 0.192478
2 0.597345 0.430310 0.191740 0.272124
2 0.353982 0.664823 0.159292 0.236726
2 0.493363 0.594027 0.154867 0.219027
2 0.679941 0.584071 0.115044 0.199115
2 0.730826 0.730088 0.169617 0.225664
2 0.845133 0.654867 0.100295 0.163717
2 0.945428 0.695796 0.109144 0.174779
2 0.893805 0.782080 0.174041 0.214602
2 0.156342 0.310841 0.165192 0.210177
2 0.158555 0.109513 0.143068 0.179204
2 0.056047 0.190265 0.112094 0.207965
2 0.061947 0.426991 0.117994 0.168142