1 0.178466 0.216814 0.147493 0.203540
1 0.505900 0.518805 0.410029 0.351770
1 0.132743 0.474558 0.200590 0.174779
0 0.666667 0.664823 0.203540 0.103982
0 0.417404 0.911504 0.165192 0.088496
0 0.426254 0.288717 0.165192 0.148230
0 0.606195 0.069690 0.194690 0.090708
0 0.444690 0.143805 0.213864 0.088496
0 0.616519 0.280973 0.159292 0.075221
0 0.908555 0.096239 0.182890 0.095133
0 0.764749 0.261062 0.175516 0.101770
0 0.909292 0.390487 0.160767 0.121681
0 0.851032 0.506637 0.103245 0.146018
0 0.793510 0.568584 0.126844 0.088496
0 0.899705 0.789823 0.088496 0.137168
0 0.726401 0.879425 0.134218 0.090708
0 0.877581 0.962389 0.117994 0.075221
0 0.282448 0.619469 0.119469 0.097345
0 0.125369 0.079646 0.141593 0.101770