1 0.598820 0.310841 0.572271 0.285398
0 0.775074 0.235619 0.125369 0.090708
0 0.926254 0.179204 0.120944 0.088496
0 0.618732 0.157080 0.110619 0.079646
0 0.390855 0.101770 0.094395 0.066372
0 0.144543 0.338496 0.100295 0.084071
0 0.151917 0.413717 0.085546 0.101770
0 0.411504 0.460177 0.147493 0.084071
0 0.412979 0.692478 0.147493 0.115044
0 0.238938 0.684735 0.129794 0.086283
0 0.139381 0.582965 0.081121 0.073009
0 0.230088 0.501106 0.082596 0.073009
0 0.035398 0.643805 0.070796 0.097345
0 0.687316 0.649336 0.144543 0.112832