1 0.535398 0.688053 0.495575 0.623894
0 0.648968 0.317478 0.094395 0.055310
0 0.636431 0.243363 0.060472 0.053097
0 0.435103 0.191372 0.082596 0.050885
0 0.283186 0.254425 0.061947 0.084071
0 0.259587 0.400442 0.076696 0.053097
0 0.221239 0.535398 0.070796 0.053097
0 0.530973 0.238938 0.038348 0.115044
0 0.842920 0.292035 0.075221 0.061947
0 0.801622 0.474558 0.072271 0.068584
0 0.090708 0.409292 0.078171 0.070796
0 0.584808 0.349558 0.048673 0.053097
0 0.915192 0.542035 0.092920 0.075221
0 0.842920 0.710177 0.081121 0.092920