2 0.245121 0.438202 0.191987 0.157303
2 0.300290 0.262921 0.165506 0.166292
2 0.458072 0.385393 0.220674 0.177528
2 0.644542 0.532584 0.218467 0.179775
2 0.723984 0.669663 0.205227 0.193258
2 0.644542 0.833708 0.200813 0.166292
2 0.264982 0.841573 0.302324 0.222472
2 0.083391 0.628090 0.166782 0.173034
2 0.074564 0.447191 0.149128 0.188764
2 0.110510 0.282022 0.209640 0.164045
2 0.168989 0.152809 0.198607 0.125843
2 0.474622 0.219101 0.178746 0.168539
2 0.652265 0.135955 0.185366 0.177528
2 0.850872 0.184270 0.176539 0.184270
2 0.685366 0.332584 0.189780 0.157303
2 0.946400 0.431461 0.107200 0.134831