2 0.158427 0.516854 0.299625 0.224719
2 0.407116 0.343820 0.215730 0.139326
2 0.820599 0.221348 0.257678 0.226966
2 0.570412 0.223596 0.170787 0.101124
2 0.669288 0.375281 0.212734 0.143820
2 0.491011 0.515730 0.233708 0.150562
2 0.658801 0.666292 0.275655 0.208989
2 0.846067 0.495506 0.278652 0.200000
2 0.353184 0.678652 0.245693 0.202247
2 0.651311 0.904494 0.266667 0.191011
2 0.309738 0.884270 0.350562 0.231460
2 0.144944 0.322472 0.206742 0.146067
2 0.333708 0.195506 0.200749 0.121348
2 0.233333 0.087640 0.149813 0.112360
2 0.091199 0.192135 0.182397 0.132584
2 0.068727 0.824719 0.137453 0.269663
2 0.908801 0.820225 0.182397 0.211236