2 0.515020 0.257968 0.168223 0.292829
2 0.247665 0.338645 0.195259 0.262948
2 0.441422 0.624502 0.219291 0.268924
2 0.749331 0.688247 0.237315 0.332669
2 0.843956 0.185259 0.222295 0.270916
2 0.226637 0.126494 0.207275 0.169323
2 0.083197 0.273904 0.145693 0.304781
2 0.177072 0.657371 0.189251 0.235060
2 0.089956 0.840637 0.177235 0.274900
2 0.337785 0.753984 0.192255 0.268924
2 0.572096 0.798805 0.198263 0.298805
2 0.790635 0.470120 0.205773 0.294821
2 0.659211 0.250996 0.150199 0.250996
2 0.388853 0.184263 0.222295 0.268924