2 0.119024 0.208167 0.179283 0.201195
2 0.281125 0.083665 0.165837 0.155378
2 0.296066 0.261952 0.144920 0.189243
2 0.323705 0.477092 0.173307 0.201195
2 0.623257 0.415339 0.135956 0.189243
2 0.780876 0.384462 0.176295 0.215139
2 0.865289 0.198207 0.165837 0.189243
2 0.694970 0.188247 0.153884 0.197211
2 0.548556 0.143426 0.147908 0.171315
2 0.198207 0.580677 0.134462 0.157371
2 0.074203 0.566733 0.137450 0.197211
2 0.159363 0.768924 0.167331 0.175299
2 0.565737 0.893426 0.131474 0.125498
2 0.827191 0.817729 0.182271 0.217131
2 0.872012 0.579681 0.128486 0.179283