2 0.185103 0.198814 0.101770 0.137305
2 0.211652 0.307329 0.084071 0.146164
2 0.268437 0.239784 0.094395 0.152808
2 0.380531 0.251964 0.091445 0.172739
2 0.371681 0.437991 0.112094 0.177168
2 0.509587 0.280754 0.113569 0.150593
2 0.687316 0.719246 0.153392 0.172739
2 0.583333 0.806723 0.101770 0.214817
2 0.661504 0.909702 0.116519 0.146164
2 0.823746 0.847693 0.137168 0.248036
2 0.744838 0.415845 0.168142 0.221460
2 0.698378 0.230926 0.125369 0.183812
2 0.884956 0.286291 0.156342 0.183812
2 0.927729 0.501107 0.144542 0.179383
2 0.241888 0.684919 0.109145 0.170525
2 0.178466 0.500000 0.085546 0.119589
2 0.169617 0.649486 0.103245 0.139520