2 0.783923 0.132376 0.157817 0.234748
2 0.720501 0.354943 0.128319 0.219246
2 0.748525 0.593013 0.148968 0.194885
2 0.916667 0.833298 0.157817 0.241392
2 0.721239 0.815581 0.156342 0.210387
2 0.581858 0.812259 0.087021 0.115159
2 0.429941 0.839942 0.134218 0.161666
2 0.435841 0.398128 0.107670 0.208173
2 0.248525 0.461244 0.101770 0.201529
2 0.115782 0.666095 0.116519 0.190456
2 0.461652 0.152307 0.109145 0.163881
2 0.645280 0.143449 0.087021 0.212602
2 0.112832 0.315081 0.125369 0.166095
2 0.053835 0.465674 0.104720 0.197100