2 0.522861 0.454601 0.113569 0.179383
2 0.640118 0.544292 0.132743 0.163881
2 0.397493 0.736963 0.134218 0.181598
2 0.360619 0.512180 0.095870 0.135091
2 0.543510 0.769074 0.113569 0.161666
2 0.712389 0.664988 0.115044 0.143949
2 0.694690 0.271896 0.094395 0.110730
2 0.550147 0.197707 0.079646 0.135091
2 0.457965 0.356051 0.113569 0.137305
2 0.283923 0.631769 0.101770 0.117374
2 0.203540 0.577511 0.091445 0.128447
2 0.234513 0.844371 0.091445 0.117374
2 0.839233 0.564224 0.094395 0.141735
2 0.342183 0.290720 0.067847 0.095228
2 0.430678 0.234248 0.091445 0.093013
2 0.273599 0.379304 0.101770 0.126232
2 0.554572 0.922989 0.120944 0.128447
2 0.322271 0.934062 0.116519 0.124018