2 0.204277 0.100962 0.169617 0.201924
2 0.202065 0.324466 0.182891 0.240669
2 0.110619 0.558511 0.176991 0.262749
2 0.140118 0.771581 0.194690 0.163390
2 0.145280 0.891310 0.199115 0.217379
2 0.396755 0.727421 0.159292 0.278205
2 0.548673 0.514352 0.188791 0.267165
2 0.525074 0.893518 0.203540 0.212963
2 0.776549 0.578383 0.219764 0.298076
2 0.803097 0.862607 0.196165 0.274786
2 0.746313 0.281411 0.138643 0.278205
2 0.913717 0.388497 0.172566 0.311324
2 0.896018 0.108690 0.207964 0.217379
2 0.511799 0.219587 0.182891 0.264957