2 0.154133 0.121514 0.150896 0.155378
2 0.131723 0.284861 0.156873 0.187251
2 0.185508 0.539841 0.165837 0.191235
2 0.285608 0.388446 0.180777 0.258964
2 0.411853 0.415339 0.137450 0.193227
2 0.410359 0.240040 0.143426 0.209163
2 0.529880 0.315737 0.152390 0.169323
2 0.557520 0.476096 0.168825 0.127490
2 0.406624 0.563745 0.186753 0.183267
2 0.399153 0.714143 0.138944 0.213147
2 0.272908 0.687251 0.143426 0.187251
2 0.163098 0.726096 0.162849 0.177291
2 0.085657 0.664343 0.171314 0.241036
2 0.050548 0.873506 0.101096 0.252988
2 0.133217 0.929283 0.165837 0.141434
2 0.254980 0.861554 0.188247 0.268924
2 0.405876 0.901394 0.194223 0.197211
2 0.560508 0.905378 0.159861 0.189243
2 0.700199 0.854582 0.158367 0.270916
2 0.631474 0.730080 0.167331 0.221116
2 0.512699 0.740040 0.177789 0.229084
2 0.635209 0.587649 0.159861 0.207171
2 0.801046 0.515936 0.168825 0.219124
2 0.921066 0.672311 0.157868 0.221116
2 0.853337 0.836653 0.192729 0.326693
2 0.718875 0.328685 0.153884 0.199203
2 0.871265 0.250996 0.135956 0.223108
2 0.918327 0.393426 0.110558 0.177291
2 0.669572 0.146414 0.112052 0.209163
2 0.550050 0.193227 0.106076 0.155378
2 0.436504 0.096614 0.129980 0.181275
2 0.830179 0.084661 0.122510 0.145418