2 0.218376 0.380478 0.109064 0.147410
2 0.351345 0.191235 0.079183 0.123506
2 0.286355 0.612550 0.098606 0.141434
2 0.449203 0.867530 0.104582 0.125498
2 0.110060 0.939243 0.113546 0.121514
2 0.219871 0.813745 0.103088 0.121514
2 0.599353 0.771912 0.100100 0.117530
2 0.542580 0.628486 0.088147 0.125498
2 0.447709 0.569721 0.095618 0.123506
2 0.375996 0.654382 0.107570 0.101594
2 0.343127 0.771912 0.107570 0.101594
2 0.459661 0.739044 0.098606 0.111554
2 0.568725 0.510956 0.071713 0.097610
2 0.639691 0.586653 0.106076 0.125498
2 0.705428 0.937251 0.091135 0.125498
2 0.821962 0.851594 0.061255 0.125498
2 0.893675 0.847610 0.085159 0.145418
2 0.875747 0.632470 0.085159 0.113546
2 0.781624 0.582669 0.079183 0.141434
2 0.891434 0.428287 0.068725 0.119522
2 0.954681 0.522908 0.090637 0.133466
2 0.725598 0.346614 0.065737 0.099602
2 0.703187 0.424303 0.071713 0.091633
2 0.609064 0.336653 0.068725 0.099602
2 0.655378 0.265936 0.074701 0.101594
2 0.544821 0.217131 0.074701 0.099602
2 0.481325 0.295817 0.109064 0.113546
2 0.465637 0.119522 0.083665 0.099602
2 0.626245 0.069721 0.058267 0.083665
2 0.665090 0.177291 0.052291 0.083665
2 0.041584 0.485060 0.083167 0.125498
2 0.035608 0.340637 0.071215 0.111554
2 0.160857 0.493028 0.119522 0.133466
2 0.117530 0.686255 0.128486 0.145418
2 0.827938 0.335657 0.052291 0.109562
2 0.734562 0.208167 0.047809 0.085657
2 0.378984 0.386454 0.092629 0.091633