2 0.126844 0.651700 0.253687 0.453994
2 0.319322 0.821118 0.287611 0.323332
2 0.415192 0.557580 0.140118 0.181598
2 0.608407 0.569760 0.187316 0.228104
2 0.789086 0.565331 0.203540 0.303401
2 0.826696 0.893092 0.169617 0.210387
2 0.673304 0.935170 0.072271 0.121803
2 0.621681 0.789006 0.092920 0.148378
2 0.502212 0.777933 0.113569 0.112945
2 0.530973 0.915238 0.112094 0.148378
2 0.302360 0.535434 0.144543 0.168310
2 0.151180 0.298471 0.228614 0.221460
2 0.143068 0.114659 0.126844 0.150593
2 0.356932 0.168917 0.165192 0.197100
2 0.540560 0.104693 0.157817 0.170525
2 0.644543 0.179990 0.159292 0.183812
2 0.597345 0.366016 0.182891 0.205958
2 0.435841 0.378197 0.131268 0.181598
2 0.789086 0.222067 0.171091 0.174954
2 0.954277 0.639520 0.091445 0.367624